#Camera:Nuwa-HP60C  SN:ASC60CE28000054
fxir:418.182
fyir:417.448
cxir:316.103
cyir:242.616
fxrgb:551.046
fyrgb:550.389
cxrgb:335.194
cyrgb:232.873
R00:0.999972
R01:0.000273674
R02:-0.00746742
R10:-0.000275673
R11:1
R12:-0.000266654
R20:0.00746735
R21:0.000268705
R22:0.999972
T1:-12.0764
T2:0.101806
T3:-0.209059
K1ir:0
K2ir:0
K3ir:0
P1ir:0
P2ir:0
K1rgb:0
K2rgb:0
K3rgb:0
P1rgb:0
P2rgb:0
